0 8300001011 20 0100000001883.

’ 0 Egregie signore,

ι , 011100100000001 3111. 13111010 Lernbardn 00113 0000101003 01 00100

3011000000 311033000 0003 Commissione 00 0330 010113 11 min libre·
3101100100001100 01 003010, 10 0000303 000 13010 01 000000300 00
01001010 301 min libro 003010 301100000 0013, 00013010 01 300300
10 00003 01 00031011 0 01 1000030013000011, anche per 03010 01 000-

sone autnrevnli 0 003110110 00113 materie, 003010 01130 0003131300 ·
. 0013110. 1001301010 3000110 3113 303, 031313 001 110000000013001

3118 00100000010 mese, 000 001 rni si 13 100110 01 0100011000 11
. 003003001110 001 min 130000 31 301100310 13111010, perche abbia modo
di 00010031 pronunciare se sia 110330 (11) 01 01000000 13 Cnnnnis

· sione 1003010313 (310) 01 0330103010, 1 0110000001001003000010100-

310310 10 30100000003 11 0010 003100010, 00000 0000310 illustre 13111010
n voler considerare 00000 000 0000001313 mia 00003003.

«Peos. Dott. Stefano Martini»

111030110 0300 300110 000310 100131100, 10 000331 10310 (300101
30003 013 0003310 fin di prime) di 130 0300 ’01101εο000000 001
10000101110010, e, 30003 3130031303, nri posi 3 1033001000οἰ
· ’ 0000000011 0101001 00031 (che qni 0011101100), scelti 103 quelli di 003 -
0310031000000013, 03 3000100, enine per 330010, insieme 0113 inin
00003003. 80000010 300000 10110 30 001 01000311 00000 10 0333

¹ 0000000010 001110001003 stete respinte‚ 3 grande 003001003000
·. 010011 (30 13 memorie non 00110301300),13 00000313 01 nnnrinere

3 30010 00113 0000031003 11 1111013100, 03000001 3110 0000 0001030
11 rienrrere 0000010 30 0333 0003000013 0 0000010 ’ 10 quella
eirenstanze, rnentre 30001 000010, 000 0010110300 13 mie demanda,
t elie 310113 001003 001003 030000 1000 01 10000, 0300000 11 00010000
001 Ministro 003110310 3 0010 01003000 0 30100300, 00113 300013 001110-
0001000, 11 silenzio 03101 30011310 30110 0110 1011000.

0000000, 000 0001300 3 qnelunque benelre menenio 30300110 in-
10000 311 031310003 001 0110111)οο, 000 0330000001 0310 000 003 01
0010111103οΙ0 0001011000, 000 rni 00313 30 3001130 31100 mezzo 0110
01 pubblieerne nn'breve 330010 000 00000030003100111003113ου0
hliee stampe nn 01001010 301100003 0013. 13 quale 0 00 0001000010
003000300310, 11101001001110301000, 03101100,1011003010 00110010 00-
, 01100 01 003010, 13110 000 3010 parole e 10331 01 Cicerone. Quest’e

 

